,Ausbildungsbereich,Nationalität,Geschlecht,2010,2011,2012,2013,2014,2015,2016,2017,2018,2019,Avg between 2010 to 2019
1,Industrie und Handel,Deutsche,männlich,182436.0,192486.0,187632.0,178989.0,176244.0,175677.0,171735.0,172917.0,176088.0,173934.0,178813.8
2,Industrie und Handel,Deutsche,weiblich,132747.0,132009.0,127254.0,120231.0,116151.0,112464.0,107499.0,102483.0,101175.0,97131.0,114914.4
3,Industrie und Handel,Deutsche,Insgesamt,315183.0,324492.0,314886.0,299220.0,292395.0,288141.0,279234.0,275400.0,277263.0,271062.0,293727.6
4,Industrie und Handel,Ausländer,männlich,10398.0,11142.0,11046.0,11313.0,12081.0,12915.0,15126.0,19302.0,22077.0,21282.0,14668.2
5,Industrie und Handel,Ausländer,weiblich,6990.0,7275.0,7251.0,7161.0,7674.0,7815.0,8163.0,8238.0,8406.0,8862.0,7783.5
6,Industrie und Handel,Ausländer,Insgesamt,17388.0,18417.0,18297.0,18471.0,19752.0,20727.0,23289.0,27540.0,30483.0,30144.0,22450.8
7,Industrie und Handel,Insgesamt,männlich,192834.0,203628.0,198678.0,190302.0,188322.0,188589.0,186864.0,192219.0,198168.0,195216.0,193482.0
8,Industrie und Handel,Insgesamt,weiblich,139737.0,139284.0,134505.0,127392.0,123825.0,120279.0,115662.0,110721.0,109581.0,105993.0,122697.9
9,Industrie und Handel,Insgesamt,Insgesamt,332571.0,342912.0,333183.0,317694.0,312147.0,308868.0,302523.0,302940.0,307746.0,301206.0,316179.0
11,Handwerk,Deutsche,männlich,107385.0,107910.0,103326.0,98217.0,96087.0,95154.0,93144.0,93159.0,92685.0,92973.0,98004.0
12,Handwerk,Deutsche,weiblich,37044.0,34776.0,33132.0,30357.0,29853.0,29301.0,28479.0,27039.0,25311.0,24396.0,29968.8
13,Handwerk,Deutsche,Insgesamt,144429.0,142686.0,136458.0,128574.0,125940.0,124455.0,121620.0,120198.0,117996.0,117369.0,127972.5
14,Handwerk,Ausländer,männlich,7167.0,7119.0,7113.0,7836.0,8373.0,9534.0,11625.0,16947.0,19515.0,18300.0,11352.9
15,Handwerk,Ausländer,weiblich,3240.0,3033.0,3024.0,2910.0,2991.0,3060.0,3222.0,3150.0,3060.0,3033.0,3072.3
16,Handwerk,Ausländer,Insgesamt,10410.0,10152.0,10137.0,10746.0,11364.0,12594.0,14844.0,20097.0,22572.0,21333.0,14424.9
17,Handwerk,Insgesamt,männlich,114555.0,115029.0,110439.0,106053.0,104460.0,104688.0,104766.0,110106.0,112200.0,111276.0,109357.2
18,Handwerk,Insgesamt,weiblich,40284.0,37806.0,36156.0,33264.0,32844.0,32358.0,31698.0,30186.0,28371.0,27429.0,33039.6
19,Handwerk,Insgesamt,Insgesamt,154839.0,152838.0,146592.0,139320.0,137304.0,137049.0,136467.0,140295.0,140571.0,138705.0,142398.0
21,Landwirtschaft,Deutsche,männlich,10911.0,10446.0,10101.0,10152.0,10143.0,10173.0,9996.0,9930.0,9672.0,9396.0,10092.0
22,Landwirtschaft,Deutsche,weiblich,3249.0,3045.0,3033.0,3003.0,3063.0,3063.0,3162.0,3087.0,3090.0,3123.0,3091.8
23,Landwirtschaft,Deutsche,Insgesamt,14160.0,13491.0,13137.0,13155.0,13209.0,13233.0,13158.0,13017.0,12762.0,12516.0,13183.8
24,Landwirtschaft,Ausländer,männlich,75.0,87.0,108.0,99.0,144.0,180.0,216.0,399.0,408.0,351.0,206.7
25,Landwirtschaft,Ausländer,weiblich,21.0,24.0,30.0,24.0,54.0,42.0,42.0,48.0,75.0,66.0,42.6
26,Landwirtschaft,Ausländer,Insgesamt,96.0,111.0,138.0,123.0,195.0,222.0,258.0,447.0,486.0,414.0,249.0
27,Landwirtschaft,Insgesamt,männlich,10983.0,10536.0,10209.0,10251.0,10287.0,10350.0,10212.0,10329.0,10080.0,9744.0,10298.1
28,Landwirtschaft,Insgesamt,weiblich,3270.0,3069.0,3066.0,3030.0,3117.0,3105.0,3204.0,3135.0,3165.0,3186.0,3134.7
29,Landwirtschaft,Insgesamt,Insgesamt,14253.0,13602.0,13275.0,13278.0,13404.0,13455.0,13416.0,13464.0,13245.0,12933.0,13432.5
31,Öffentlicher Dienst,Deutsche,männlich,4494.0,4317.0,3966.0,4188.0,4251.0,4473.0,4521.0,4938.0,5058.0,5337.0,4554.3
32,Öffentlicher Dienst,Deutsche,weiblich,8247.0,7662.0,7569.0,7740.0,7779.0,8178.0,7947.0,8448.0,8727.0,9000.0,8129.7
33,Öffentlicher Dienst,Deutsche,Insgesamt,12738.0,11979.0,11535.0,11928.0,12030.0,12651.0,12468.0,13386.0,13785.0,14337.0,12683.7
34,Öffentlicher Dienst,Ausländer,männlich,63.0,72.0,69.0,66.0,75.0,81.0,150.0,228.0,231.0,183.0,121.8
35,Öffentlicher Dienst,Ausländer,weiblich,159.0,144.0,183.0,177.0,156.0,222.0,222.0,255.0,279.0,279.0,207.6
36,Öffentlicher Dienst,Ausländer,Insgesamt,222.0,216.0,252.0,243.0,228.0,303.0,372.0,483.0,510.0,462.0,329.1
37,Öffentlicher Dienst,Insgesamt,männlich,4554.0,4389.0,4035.0,4257.0,4326.0,4554.0,4671.0,5166.0,5289.0,5520.0,4676.1
38,Öffentlicher Dienst,Insgesamt,weiblich,8406.0,7806.0,7749.0,7917.0,7935.0,8400.0,8169.0,8703.0,9006.0,9279.0,8337.0
39,Öffentlicher Dienst,Insgesamt,Insgesamt,12960.0,12195.0,11787.0,12174.0,12261.0,12954.0,12840.0,13869.0,14295.0,14799.0,13013.4
41,Freie Berufe,Deutsche,männlich,2166.0,2382.0,2514.0,2604.0,2667.0,2895.0,2994.0,3033.0,3189.0,3309.0,2775.3
42,Freie Berufe,Deutsche,weiblich,34884.0,34758.0,34593.0,34122.0,33408.0,34167.0,34260.0,33966.0,34038.0,33264.0,34146.0
43,Freie Berufe,Deutsche,Insgesamt,37050.0,37143.0,37107.0,36726.0,36072.0,37062.0,37254.0,37002.0,37230.0,36573.0,36921.9
44,Freie Berufe,Ausländer,männlich,108.0,105.0,129.0,117.0,156.0,168.0,237.0,363.0,504.0,561.0,244.8
45,Freie Berufe,Ausländer,weiblich,3702.0,3783.0,4083.0,3939.0,4662.0,4851.0,5187.0,5676.0,6303.0,6615.0,4880.1
46,Freie Berufe,Ausländer,Insgesamt,3810.0,3888.0,4212.0,4056.0,4818.0,5022.0,5424.0,6039.0,6807.0,7176.0,5125.2
47,Freie Berufe,Insgesamt,männlich,2274.0,2487.0,2643.0,2724.0,2823.0,3063.0,3231.0,3396.0,3693.0,3870.0,3020.4
48,Freie Berufe,Insgesamt,weiblich,38586.0,38544.0,38676.0,38061.0,38070.0,39018.0,39450.0,39642.0,40344.0,39879.0,39027.0
49,Freie Berufe,Insgesamt,Insgesamt,40860.0,41031.0,41319.0,40782.0,40893.0,42084.0,42681.0,43038.0,44037.0,43749.0,42047.4
51,Hauswirtschaft,Deutsche,männlich,267.0,258.0,231.0,201.0,204.0,198.0,201.0,219.0,213.0,273.0,226.5
52,Hauswirtschaft,Deutsche,weiblich,3096.0,2787.0,2448.0,2292.0,2049.0,1872.0,1728.0,1668.0,1623.0,1521.0,2108.4
53,Hauswirtschaft,Deutsche,Insgesamt,3363.0,3045.0,2679.0,2493.0,2256.0,2070.0,1929.0,1887.0,1836.0,1794.0,2335.2
54,Hauswirtschaft,Ausländer,männlich,12.0,9.0,15.0,15.0,9.0,12.0,21.0,36.0,36.0,24.0,18.9
55,Hauswirtschaft,Ausländer,weiblich,171.0,192.0,153.0,141.0,123.0,147.0,120.0,150.0,135.0,102.0,143.4
56,Hauswirtschaft,Ausländer,Insgesamt,183.0,201.0,168.0,159.0,132.0,159.0,141.0,189.0,171.0,126.0,162.9
57,Hauswirtschaft,Insgesamt,männlich,279.0,267.0,246.0,216.0,216.0,210.0,222.0,255.0,249.0,294.0,245.4
58,Hauswirtschaft,Insgesamt,weiblich,3264.0,2979.0,2601.0,2433.0,2172.0,2019.0,1848.0,1818.0,1758.0,1623.0,2251.5
59,Hauswirtschaft,Insgesamt,Insgesamt,3546.0,3246.0,2847.0,2649.0,2388.0,2229.0,2073.0,2073.0,2007.0,1920.0,2497.8
61,Insgesamt,Deutsche,männlich,307659.0,317799.0,307773.0,294354.0,289596.0,288567.0,282594.0,284199.0,286905.0,285219.0,294466.5
62,Insgesamt,Deutsche,weiblich,219264.0,215037.0,208029.0,197745.0,192306.0,189045.0,183075.0,176691.0,173964.0,168435.0,192359.1
63,Insgesamt,Deutsche,Insgesamt,526926.0,532833.0,515802.0,492099.0,481902.0,477612.0,465666.0,460887.0,460869.0,453651.0,486824.7
64,Insgesamt,Ausländer,männlich,17823.0,18537.0,18480.0,19446.0,20838.0,22890.0,27375.0,37275.0,42774.0,40701.0,26613.9
65,Insgesamt,Ausländer,weiblich,14283.0,14454.0,14724.0,14352.0,15657.0,16137.0,16956.0,17514.0,18258.0,18957.0,16129.2
66,Insgesamt,Ausländer,Insgesamt,32106.0,32988.0,33204.0,33798.0,36495.0,39027.0,44331.0,54792.0,61032.0,59658.0,42743.1
67,Insgesamt,Insgesamt,männlich,325482.0,336333.0,326253.0,313803.0,310434.0,311457.0,309966.0,321474.0,329679.0,325917.0,321079.8
68,Insgesamt,Insgesamt,weiblich,233550.0,229488.0,222753.0,212094.0,207960.0,205182.0,200031.0,194205.0,192222.0,187392.0,208487.7
69,Insgesamt,Insgesamt,Insgesamt,559032.0,565824.0,549003.0,525897.0,518394.0,516639.0,509997.0,515679.0,521901.0,513309.0,529567.5
